SWAG COMMONSENSE REASONING EVALUATION REPORT FOR deepseek-llm-7b-chat
============================================================

CLASSIFICATION PERFORMANCE:
total_samples: 100
valid_predictions: 100
invalid_predictions: 0
valid_prediction_rate: 1.0
accuracy: 0.72
macro_f1: 0.709365062706617
weighted_f1: 0.7151650732014483
f1_a: 0.8135593220338984
f1_b: 0.64
f1_c: 0.7368421052631579
f1_d: 0.6470588235294118
cohen_kappa: 0.6264176117411607

COMMONSENSE REASONING ANALYSIS:
true_a_count: 24
true_b_count: 21
true_c_count: 33
true_d_count: 22
pred_a_count: 35
pred_b_count: 29
pred_c_count: 24
pred_d_count: 12
a_precision: 0.6857142857142857
b_precision: 0.5517241379310345
c_precision: 0.875
d_precision: 0.9166666666666666
a_recall: 1.0
b_recall: 0.7619047619047619
c_recall: 0.6363636363636364
d_recall: 0.5
a_f1: 0.8135593220338984
b_f1: 0.64
c_f1: 0.7368421052631579
d_f1: 0.6470588235294118

UNCERTAINTY & CONSISTENCY:
mean_entropy: 0.19703647489605758
std_entropy: 0.4051401229588988
mean_confidence: 0.9359999999999999
std_confidence: 0.13821722034536796
mean_js_divergence: 0.25636980648441177
std_js_divergence: 0.3578122188856846
low_confidence_samples: 2
high_uncertainty_samples: 21
perfect_agreement_samples: 79

DETAILED CLASSIFICATION REPORT:
              precision    recall  f1-score   support

           A       0.69      1.00      0.81        24
           B       0.55      0.76      0.64        21
           C       0.88      0.64      0.74        33
           D       0.92      0.50      0.65        22

    accuracy                           0.72       100
   macro avg       0.76      0.72      0.71       100
weighted avg       0.77      0.72      0.72       100

CONFUSION MATRIX:
Predicted:
         A    B    C    D
True A   24    0    0    0
    B     1   16    3    1
    C     5    7   21    0
    D     5    6    0   11
