SWAG COMMONSENSE REASONING EVALUATION REPORT FOR deepseek-llm-7b-chat
============================================================

CLASSIFICATION PERFORMANCE:
total_samples: 100
valid_predictions: 100
invalid_predictions: 0
valid_prediction_rate: 1.0
accuracy: 0.73
macro_f1: 0.7229051650104281
weighted_f1: 0.7285098760888234
f1_a: 0.8727272727272727
f1_b: 0.6153846153846154
f1_c: 0.7368421052631579
f1_d: 0.6666666666666666
cohen_kappa: 0.6402398401065956

COMMONSENSE REASONING ANALYSIS:
true_a_count: 24
true_b_count: 21
true_c_count: 33
true_d_count: 22
pred_a_count: 31
pred_b_count: 31
pred_c_count: 24
pred_d_count: 14
a_precision: 0.7741935483870968
b_precision: 0.5161290322580645
c_precision: 0.875
d_precision: 0.8571428571428571
a_recall: 1.0
b_recall: 0.7619047619047619
c_recall: 0.6363636363636364
d_recall: 0.5454545454545454
a_f1: 0.8727272727272727
b_f1: 0.6153846153846154
c_f1: 0.7368421052631579
d_f1: 0.6666666666666666

UNCERTAINTY & CONSISTENCY:
mean_entropy: 0.13548195824528833
std_entropy: 0.3462212545348865
mean_confidence: 0.95
std_confidence: 0.1307669683062202
mean_js_divergence: 0.24582266004775655
std_js_divergence: 0.3649324717313999
low_confidence_samples: 1
high_uncertainty_samples: 14
perfect_agreement_samples: 86

DETAILED CLASSIFICATION REPORT:
              precision    recall  f1-score   support

           A       0.77      1.00      0.87        24
           B       0.52      0.76      0.62        21
           C       0.88      0.64      0.74        33
           D       0.86      0.55      0.67        22

    accuracy                           0.73       100
   macro avg       0.76      0.74      0.72       100
weighted avg       0.77      0.73      0.73       100

CONFUSION MATRIX:
Predicted:
         A    B    C    D
True A   24    0    0    0
    B     0   16    3    2
    C     3    9   21    0
    D     4    6    0   12
