SWAG COMMONSENSE REASONING EVALUATION REPORT FOR deepseek-llm-7b-chat
============================================================

CLASSIFICATION PERFORMANCE:
total_samples: 100
valid_predictions: 100
invalid_predictions: 0
valid_prediction_rate: 1.0
accuracy: 0.72
macro_f1: 0.7126315789473684
weighted_f1: 0.7179087719298246
f1_a: 0.8070175438596491
f1_b: 0.64
f1_c: 0.7368421052631579
f1_d: 0.6666666666666666
cohen_kappa: 0.6266168822509668

COMMONSENSE REASONING ANALYSIS:
true_a_count: 24
true_b_count: 21
true_c_count: 33
true_d_count: 22
pred_a_count: 33
pred_b_count: 29
pred_c_count: 24
pred_d_count: 14
a_precision: 0.696969696969697
b_precision: 0.5517241379310345
c_precision: 0.875
d_precision: 0.8571428571428571
a_recall: 0.9583333333333334
b_recall: 0.7619047619047619
c_recall: 0.6363636363636364
d_recall: 0.5454545454545454
a_f1: 0.8070175438596491
b_f1: 0.64
c_f1: 0.7368421052631579
d_f1: 0.6666666666666666

UNCERTAINTY & CONSISTENCY:
mean_entropy: 0.11830177731372242
std_entropy: 0.31961666185738674
mean_confidence: 0.96
std_confidence: 0.1131370849898476
mean_js_divergence: 0.24446320147371153
std_js_divergence: 0.36544008474829676
low_confidence_samples: 1
high_uncertainty_samples: 13
perfect_agreement_samples: 87

DETAILED CLASSIFICATION REPORT:
              precision    recall  f1-score   support

           A       0.70      0.96      0.81        24
           B       0.55      0.76      0.64        21
           C       0.88      0.64      0.74        33
           D       0.86      0.55      0.67        22

    accuracy                           0.72       100
   macro avg       0.75      0.73      0.71       100
weighted avg       0.76      0.72      0.72       100

CONFUSION MATRIX:
Predicted:
         A    B    C    D
True A   23    1    0    0
    B     0   16    3    2
    C     5    7   21    0
    D     5    5    0   12
