SWAG COMMONSENSE REASONING EVALUATION REPORT FOR EuroLLM-9B-Instruct
============================================================

CLASSIFICATION PERFORMANCE:
total_samples: 100
valid_predictions: 100
invalid_predictions: 0
valid_prediction_rate: 1.0
accuracy: 0.56
macro_f1: 0.5663342034309776
weighted_f1: 0.5668085677763097
f1_a: 0.6363636363636364
f1_b: 0.46153846153846156
f1_c: 0.5483870967741935
f1_d: 0.6190476190476191
cohen_kappa: 0.41113490364025695

COMMONSENSE REASONING ANALYSIS:
true_a_count: 24
true_b_count: 21
true_c_count: 33
true_d_count: 22
pred_a_count: 20
pred_b_count: 31
pred_c_count: 29
pred_d_count: 20
a_precision: 0.7
b_precision: 0.3870967741935484
c_precision: 0.5862068965517241
d_precision: 0.65
a_recall: 0.5833333333333334
b_recall: 0.5714285714285714
c_recall: 0.5151515151515151
d_recall: 0.5909090909090909
a_f1: 0.6363636363636364
b_f1: 0.46153846153846156
c_f1: 0.5483870967741935
d_f1: 0.6190476190476191

UNCERTAINTY & CONSISTENCY:
mean_entropy: 0.9426430460313867
std_entropy: 0.661113301537415
mean_confidence: 0.6859999999999999
std_confidence: 0.2267245024253003
mean_js_divergence: 0.43049431221290857
std_js_divergence: 0.2942356832408486
low_confidence_samples: 25
high_uncertainty_samples: 75
perfect_agreement_samples: 25

DETAILED CLASSIFICATION REPORT:
              precision    recall  f1-score   support

           A       0.70      0.58      0.64        24
           B       0.39      0.57      0.46        21
           C       0.59      0.52      0.55        33
           D       0.65      0.59      0.62        22

    accuracy                           0.56       100
   macro avg       0.58      0.57      0.57       100
weighted avg       0.59      0.56      0.57       100

CONFUSION MATRIX:
Predicted:
         A    B    C    D
True A   14    4    4    2
    B     1   12    6    2
    C     4    9   17    3
    D     1    6    2   13
