SWAG COMMONSENSE REASONING EVALUATION REPORT FOR EuroLLM-9B-Instruct
============================================================

CLASSIFICATION PERFORMANCE:
total_samples: 100
valid_predictions: 99
invalid_predictions: 1
valid_prediction_rate: 0.99
accuracy: 0.5858585858585859
macro_f1: 0.5867393139906264
weighted_f1: 0.5849019941581035
f1_a: 0.6274509803921569
f1_b: 0.5217391304347826
f1_c: 0.5614035087719298
f1_d: 0.6363636363636364
cohen_kappa: 0.44798041615667084

COMMONSENSE REASONING ANALYSIS:
true_a_count: 24
true_b_count: 21
true_c_count: 33
true_d_count: 21
pred_a_count: 27
pred_b_count: 25
pred_c_count: 24
pred_d_count: 23
a_precision: 0.5925925925925926
b_precision: 0.48
c_precision: 0.6666666666666666
d_precision: 0.6086956521739131
a_recall: 0.6666666666666666
b_recall: 0.5714285714285714
c_recall: 0.48484848484848486
d_recall: 0.6666666666666666
a_f1: 0.6274509803921569
b_f1: 0.5217391304347826
c_f1: 0.5614035087719298
d_f1: 0.6363636363636364

UNCERTAINTY & CONSISTENCY:
mean_entropy: 0.4122597737077364
std_entropy: 0.5640152613072654
mean_confidence: 0.8585858585858586
std_confidence: 0.19746376781070551
mean_js_divergence: 0.35631938712273464
std_js_divergence: 0.35850538798744974
low_confidence_samples: 6
high_uncertainty_samples: 38
perfect_agreement_samples: 61

DETAILED CLASSIFICATION REPORT:
              precision    recall  f1-score   support

           A       0.59      0.67      0.63        24
           B       0.48      0.57      0.52        21
           C       0.67      0.48      0.56        33
           D       0.61      0.67      0.64        21

    accuracy                           0.59        99
   macro avg       0.59      0.60      0.59        99
weighted avg       0.60      0.59      0.58        99

CONFUSION MATRIX:
Predicted:
         A    B    C    D
True A   16    2    4    2
    B     3   12    4    2
    C     5    7   16    5
    D     3    4    0   14
