SWAG COMMONSENSE REASONING EVALUATION REPORT FOR EuroLLM-9B-Instruct
============================================================

CLASSIFICATION PERFORMANCE:
total_samples: 100
valid_predictions: 99
invalid_predictions: 1
valid_prediction_rate: 0.99
accuracy: 0.5252525252525253
macro_f1: 0.5245234204793028
weighted_f1: 0.5273106885851985
f1_a: 0.5185185185185185
f1_b: 0.5416666666666666
f1_c: 0.5490196078431373
f1_d: 0.4888888888888889
cohen_kappa: 0.3725728155339806

COMMONSENSE REASONING ANALYSIS:
true_a_count: 24
true_b_count: 21
true_c_count: 33
true_d_count: 21
pred_a_count: 30
pred_b_count: 27
pred_c_count: 18
pred_d_count: 24
a_precision: 0.4666666666666667
b_precision: 0.48148148148148145
c_precision: 0.7777777777777778
d_precision: 0.4583333333333333
a_recall: 0.5833333333333334
b_recall: 0.6190476190476191
c_recall: 0.42424242424242425
d_recall: 0.5238095238095238
a_f1: 0.5185185185185185
b_f1: 0.5416666666666666
c_f1: 0.5490196078431373
d_f1: 0.4888888888888889

UNCERTAINTY & CONSISTENCY:
mean_entropy: 1.132802170058677
std_entropy: 0.5538521264884081
mean_confidence: 0.6202020202020202
std_confidence: 0.20199999898979798
mean_js_divergence: 0.47076198563693383
std_js_divergence: 0.25582123177970234
low_confidence_samples: 33
high_uncertainty_samples: 88
perfect_agreement_samples: 11

DETAILED CLASSIFICATION REPORT:
              precision    recall  f1-score   support

           A       0.47      0.58      0.52        24
           B       0.48      0.62      0.54        21
           C       0.78      0.42      0.55        33
           D       0.46      0.52      0.49        21

    accuracy                           0.53        99
   macro avg       0.55      0.54      0.52        99
weighted avg       0.57      0.53      0.53        99

CONFUSION MATRIX:
Predicted:
         A    B    C    D
True A   14    4    3    3
    B     4   13    1    3
    C     5    7   14    7
    D     7    3    0   11
