SWAG COMMONSENSE REASONING EVALUATION REPORT FOR EuroLLM-9B-Instruct
============================================================

CLASSIFICATION PERFORMANCE:
total_samples: 100
valid_predictions: 99
invalid_predictions: 1
valid_prediction_rate: 0.99
accuracy: 0.6161616161616161
macro_f1: 0.6162984688750559
weighted_f1: 0.6212925994529799
f1_a: 0.6818181818181818
f1_b: 0.5306122448979592
f1_c: 0.6440677966101694
f1_d: 0.6086956521739131
cohen_kappa: 0.4875357580711075

COMMONSENSE REASONING ANALYSIS:
true_a_count: 24
true_b_count: 21
true_c_count: 32
true_d_count: 22
pred_a_count: 20
pred_b_count: 28
pred_c_count: 27
pred_d_count: 24
a_precision: 0.75
b_precision: 0.4642857142857143
c_precision: 0.7037037037037037
d_precision: 0.5833333333333334
a_recall: 0.625
b_recall: 0.6190476190476191
c_recall: 0.59375
d_recall: 0.6363636363636364
a_f1: 0.6818181818181818
b_f1: 0.5306122448979592
c_f1: 0.6440677966101694
d_f1: 0.6086956521739131

UNCERTAINTY & CONSISTENCY:
mean_entropy: 0.6008736889914249
std_entropy: 0.6069631727668489
mean_confidence: 0.804040404040404
std_confidence: 0.20885410882133468
mean_js_divergence: 0.36673521614017507
std_js_divergence: 0.34507960514004515
low_confidence_samples: 11
high_uncertainty_samples: 55
perfect_agreement_samples: 44

DETAILED CLASSIFICATION REPORT:
              precision    recall  f1-score   support

           A       0.75      0.62      0.68        24
           B       0.46      0.62      0.53        21
           C       0.70      0.59      0.64        32
           D       0.58      0.64      0.61        22

    accuracy                           0.62        99
   macro avg       0.63      0.62      0.62        99
weighted avg       0.64      0.62      0.62        99

CONFUSION MATRIX:
Predicted:
         A    B    C    D
True A   15    1    5    3
    B     1   13    3    4
    C     2    8   19    3
    D     2    6    0   14
