SWAG COMMONSENSE REASONING EVALUATION REPORT FOR EXAONE-3.5-7.8B-Instruct
============================================================

CLASSIFICATION PERFORMANCE:
total_samples: 100
valid_predictions: 100
invalid_predictions: 0
valid_prediction_rate: 1.0
accuracy: 0.76
macro_f1: 0.7568856431907165
weighted_f1: 0.7621573344654622
f1_a: 0.7916666666666666
f1_b: 0.6976744186046512
f1_c: 0.7931034482758621
f1_d: 0.7450980392156863
cohen_kappa: 0.6799573276436859

COMMONSENSE REASONING ANALYSIS:
true_a_count: 24
true_b_count: 21
true_c_count: 33
true_d_count: 22
pred_a_count: 24
pred_b_count: 22
pred_c_count: 25
pred_d_count: 29
a_precision: 0.7916666666666666
b_precision: 0.6818181818181818
c_precision: 0.92
d_precision: 0.6551724137931034
a_recall: 0.7916666666666666
b_recall: 0.7142857142857143
c_recall: 0.696969696969697
d_recall: 0.8636363636363636
a_f1: 0.7916666666666666
b_f1: 0.6976744186046512
c_f1: 0.7931034482758621
d_f1: 0.7450980392156863

UNCERTAINTY & CONSISTENCY:
mean_entropy: 0.09088276542462906
std_entropy: 0.26661712875503923
mean_confidence: 0.9719999999999999
std_confidence: 0.0849470423263812
mean_js_divergence: 0.21171971168854767
std_js_divergence: 0.3492512509097685
low_confidence_samples: 0
high_uncertainty_samples: 11
perfect_agreement_samples: 89

DETAILED CLASSIFICATION REPORT:
              precision    recall  f1-score   support

           A       0.79      0.79      0.79        24
           B       0.68      0.71      0.70        21
           C       0.92      0.70      0.79        33
           D       0.66      0.86      0.75        22

    accuracy                           0.76       100
   macro avg       0.76      0.77      0.76       100
weighted avg       0.78      0.76      0.76       100

CONFUSION MATRIX:
Predicted:
         A    B    C    D
True A   19    1    1    3
    B     2   15    1    3
    C     1    5   23    4
    D     2    1    0   19
