SWAG COMMONSENSE REASONING EVALUATION REPORT FOR EXAONE-3.5-7.8B-Instruct
============================================================

CLASSIFICATION PERFORMANCE:
total_samples: 100
valid_predictions: 100
invalid_predictions: 0
valid_prediction_rate: 1.0
accuracy: 0.77
macro_f1: 0.765725101826304
weighted_f1: 0.7721862041781633
f1_a: 0.7916666666666666
f1_b: 0.6976744186046512
f1_c: 0.8135593220338984
f1_d: 0.76
cohen_kappa: 0.6928418803418803

COMMONSENSE REASONING ANALYSIS:
true_a_count: 24
true_b_count: 21
true_c_count: 33
true_d_count: 22
pred_a_count: 24
pred_b_count: 22
pred_c_count: 26
pred_d_count: 28
a_precision: 0.7916666666666666
b_precision: 0.6818181818181818
c_precision: 0.9230769230769231
d_precision: 0.6785714285714286
a_recall: 0.7916666666666666
b_recall: 0.7142857142857143
c_recall: 0.7272727272727273
d_recall: 0.8636363636363636
a_f1: 0.7916666666666666
b_f1: 0.6976744186046512
c_f1: 0.8135593220338984
d_f1: 0.76

UNCERTAINTY & CONSISTENCY:
mean_entropy: 0.08713415946277461
std_entropy: 0.26423389001893016
mean_confidence: 0.968
std_confidence: 0.10087616170334791
mean_js_divergence: 0.1996353178485011
std_js_divergence: 0.3400598257469606
low_confidence_samples: 0
high_uncertainty_samples: 10
perfect_agreement_samples: 90

DETAILED CLASSIFICATION REPORT:
              precision    recall  f1-score   support

           A       0.79      0.79      0.79        24
           B       0.68      0.71      0.70        21
           C       0.92      0.73      0.81        33
           D       0.68      0.86      0.76        22

    accuracy                           0.77       100
   macro avg       0.77      0.77      0.77       100
weighted avg       0.79      0.77      0.77       100

CONFUSION MATRIX:
Predicted:
         A    B    C    D
True A   19    1    1    3
    B     2   15    1    3
    C     2    4   24    3
    D     1    2    0   19
