SWAG COMMONSENSE REASONING EVALUATION REPORT FOR EXAONE-3.5-7.8B-Instruct
============================================================

CLASSIFICATION PERFORMANCE:
total_samples: 100
valid_predictions: 100
invalid_predictions: 0
valid_prediction_rate: 1.0
accuracy: 0.76
macro_f1: 0.7596743242751647
weighted_f1: 0.7600672087016624
f1_a: 0.8163265306122449
f1_b: 0.7272727272727273
f1_c: 0.75
f1_d: 0.7450980392156863
cohen_kappa: 0.6808510638297871

COMMONSENSE REASONING ANALYSIS:
true_a_count: 24
true_b_count: 21
true_c_count: 33
true_d_count: 22
pred_a_count: 25
pred_b_count: 23
pred_c_count: 23
pred_d_count: 29
a_precision: 0.8
b_precision: 0.6956521739130435
c_precision: 0.9130434782608695
d_precision: 0.6551724137931034
a_recall: 0.8333333333333334
b_recall: 0.7619047619047619
c_recall: 0.6363636363636364
d_recall: 0.8636363636363636
a_f1: 0.8163265306122449
b_f1: 0.7272727272727273
c_f1: 0.75
d_f1: 0.7450980392156863

UNCERTAINTY & CONSISTENCY:
mean_entropy: 0.22040382368722514
std_entropy: 0.40186571445050995
mean_confidence: 0.9300000000000002
std_confidence: 0.13379088160259653
mean_js_divergence: 0.21982774731605204
std_js_divergence: 0.32449741386522896
low_confidence_samples: 1
high_uncertainty_samples: 25
perfect_agreement_samples: 75

DETAILED CLASSIFICATION REPORT:
              precision    recall  f1-score   support

           A       0.80      0.83      0.82        24
           B       0.70      0.76      0.73        21
           C       0.91      0.64      0.75        33
           D       0.66      0.86      0.75        22

    accuracy                           0.76       100
   macro avg       0.77      0.77      0.76       100
weighted avg       0.78      0.76      0.76       100

CONFUSION MATRIX:
Predicted:
         A    B    C    D
True A   20    0    1    3
    B     1   16    1    3
    C     3    5   21    4
    D     1    2    0   19
