SWAG COMMONSENSE REASONING EVALUATION REPORT FOR EXAONE-3.5-7.8B-Instruct
============================================================

CLASSIFICATION PERFORMANCE:
total_samples: 100
valid_predictions: 100
invalid_predictions: 0
valid_prediction_rate: 1.0
accuracy: 0.78
macro_f1: 0.7781999247172806
weighted_f1: 0.7801256566780682
f1_a: 0.7755102040816326
f1_b: 0.7441860465116279
f1_c: 0.7931034482758621
f1_d: 0.8
cohen_kappa: 0.7065492863812192

COMMONSENSE REASONING ANALYSIS:
true_a_count: 24
true_b_count: 21
true_c_count: 33
true_d_count: 22
pred_a_count: 25
pred_b_count: 22
pred_c_count: 25
pred_d_count: 28
a_precision: 0.76
b_precision: 0.7272727272727273
c_precision: 0.92
d_precision: 0.7142857142857143
a_recall: 0.7916666666666666
b_recall: 0.7619047619047619
c_recall: 0.696969696969697
d_recall: 0.9090909090909091
a_f1: 0.7755102040816326
b_f1: 0.7441860465116279
c_f1: 0.7931034482758621
d_f1: 0.8

UNCERTAINTY & CONSISTENCY:
mean_entropy: 0.17386885704510974
std_entropy: 0.3908049527054308
mean_confidence: 0.944
std_confidence: 0.12986146464598342
mean_js_divergence: 0.21062862808359908
std_js_divergence: 0.3369442463275689
low_confidence_samples: 1
high_uncertainty_samples: 18
perfect_agreement_samples: 82

DETAILED CLASSIFICATION REPORT:
              precision    recall  f1-score   support

           A       0.76      0.79      0.78        24
           B       0.73      0.76      0.74        21
           C       0.92      0.70      0.79        33
           D       0.71      0.91      0.80        22

    accuracy                           0.78       100
   macro avg       0.78      0.79      0.78       100
weighted avg       0.80      0.78      0.78       100

CONFUSION MATRIX:
Predicted:
         A    B    C    D
True A   19    1    1    3
    B     1   16    1    3
    C     3    5   23    2
    D     2    0    0   20
