SWAG COMMONSENSE REASONING EVALUATION REPORT FOR Falcon3-10B-Instruct
============================================================

CLASSIFICATION PERFORMANCE:
total_samples: 100
valid_predictions: 68
invalid_predictions: 32
valid_prediction_rate: 0.68
accuracy: 0.7205882352941176
macro_f1: 0.7031521739130435
weighted_f1: 0.7189705882352941
f1_a: 0.64
f1_b: 0.64
f1_c: 0.782608695652174
f1_d: 0.75
cohen_kappa: 0.6182033096926713

COMMONSENSE REASONING ANALYSIS:
true_a_count: 13
true_b_count: 13
true_c_count: 23
true_d_count: 19
pred_a_count: 12
pred_b_count: 12
pred_c_count: 23
pred_d_count: 21
a_precision: 0.6666666666666666
b_precision: 0.6666666666666666
c_precision: 0.782608695652174
d_precision: 0.7142857142857143
a_recall: 0.6153846153846154
b_recall: 0.6153846153846154
c_recall: 0.782608695652174
d_recall: 0.7894736842105263
a_f1: 0.64
b_f1: 0.64
c_f1: 0.782608695652174
d_f1: 0.75

UNCERTAINTY & CONSISTENCY:
mean_entropy: 0.35342003478324946
std_entropy: 0.48334496007280453
mean_confidence: 0.8735294117647059
std_confidence: 0.17791078982160718
mean_js_divergence: 0.2513543290000984
std_js_divergence: 0.35763482129904817
low_confidence_samples: 1
high_uncertainty_samples: 25
perfect_agreement_samples: 43

DETAILED CLASSIFICATION REPORT:
              precision    recall  f1-score   support

           A       0.67      0.62      0.64        13
           B       0.67      0.62      0.64        13
           C       0.78      0.78      0.78        23
           D       0.71      0.79      0.75        19

    accuracy                           0.72        68
   macro avg       0.71      0.70      0.70        68
weighted avg       0.72      0.72      0.72        68

CONFUSION MATRIX:
Predicted:
         A    B    C    D
True A    8    0    2    3
    B     1    8    3    1
    C     1    2   18    2
    D     2    2    0   15
