SWAG COMMONSENSE REASONING EVALUATION REPORT FOR Falcon3-10B-Instruct
============================================================

CLASSIFICATION PERFORMANCE:
total_samples: 100
valid_predictions: 68
invalid_predictions: 32
valid_prediction_rate: 0.68
accuracy: 0.6764705882352942
macro_f1: 0.663040813622209
weighted_f1: 0.6766555200891726
f1_a: 0.6153846153846154
f1_b: 0.5925925925925926
f1_c: 0.7441860465116279
f1_d: 0.7
cohen_kappa: 0.5621890547263682

COMMONSENSE REASONING ANALYSIS:
true_a_count: 13
true_b_count: 14
true_c_count: 23
true_d_count: 18
pred_a_count: 13
pred_b_count: 13
pred_c_count: 20
pred_d_count: 22
a_precision: 0.6153846153846154
b_precision: 0.6153846153846154
c_precision: 0.8
d_precision: 0.6363636363636364
a_recall: 0.6153846153846154
b_recall: 0.5714285714285714
c_recall: 0.6956521739130435
d_recall: 0.7777777777777778
a_f1: 0.6153846153846154
b_f1: 0.5925925925925926
c_f1: 0.7441860465116279
d_f1: 0.7

UNCERTAINTY & CONSISTENCY:
mean_entropy: 0.16846054610568822
std_entropy: 0.37361503313882544
mean_confidence: 0.9352941176470587
std_confidence: 0.1472939297123402
mean_js_divergence: 0.26228097968449005
std_js_divergence: 0.37422189479975054
low_confidence_samples: 1
high_uncertainty_samples: 12
perfect_agreement_samples: 56

DETAILED CLASSIFICATION REPORT:
              precision    recall  f1-score   support

           A       0.62      0.62      0.62        13
           B       0.62      0.57      0.59        14
           C       0.80      0.70      0.74        23
           D       0.64      0.78      0.70        18

    accuracy                           0.68        68
   macro avg       0.67      0.67      0.66        68
weighted avg       0.68      0.68      0.68        68

CONFUSION MATRIX:
Predicted:
         A    B    C    D
True A    8    0    2    3
    B     1    8    2    3
    C     2    3   16    2
    D     2    2    0   14
