SWAG COMMONSENSE REASONING EVALUATION REPORT FOR glm-4-9b-chat-hf
============================================================

CLASSIFICATION PERFORMANCE:
total_samples: 100
valid_predictions: 100
invalid_predictions: 0
valid_prediction_rate: 1.0
accuracy: 0.8
macro_f1: 0.8037527976451125
weighted_f1: 0.8043944922882303
f1_a: 0.7916666666666666
f1_b: 0.7450980392156863
f1_c: 0.8064516129032258
f1_d: 0.8717948717948718
cohen_kappa: 0.7320112555272678

COMMONSENSE REASONING ANALYSIS:
true_a_count: 24
true_b_count: 21
true_c_count: 33
true_d_count: 22
pred_a_count: 24
pred_b_count: 30
pred_c_count: 29
pred_d_count: 17
a_precision: 0.7916666666666666
b_precision: 0.6333333333333333
c_precision: 0.8620689655172413
d_precision: 1.0
a_recall: 0.7916666666666666
b_recall: 0.9047619047619048
c_recall: 0.7575757575757576
d_recall: 0.7727272727272727
a_f1: 0.7916666666666666
b_f1: 0.7450980392156863
c_f1: 0.8064516129032258
d_f1: 0.8717948717948718

UNCERTAINTY & CONSISTENCY:
mean_entropy: 0.03136734879116756
std_entropy: 0.15517391927821786
mean_confidence: 0.99
std_confidence: 0.05196152422706631
mean_js_divergence: 0.16160014159403108
std_js_divergence: 0.32499780918566745
low_confidence_samples: 0
high_uncertainty_samples: 4
perfect_agreement_samples: 96

DETAILED CLASSIFICATION REPORT:
              precision    recall  f1-score   support

           A       0.79      0.79      0.79        24
           B       0.63      0.90      0.75        21
           C       0.86      0.76      0.81        33
           D       1.00      0.77      0.87        22

    accuracy                           0.80       100
   macro avg       0.82      0.81      0.80       100
weighted avg       0.83      0.80      0.80       100

CONFUSION MATRIX:
Predicted:
         A    B    C    D
True A   19    2    3    0
    B     1   19    1    0
    C     2    6   25    0
    D     2    3    0   17
