SWAG COMMONSENSE REASONING EVALUATION REPORT FOR glm-4-9b-chat-hf
============================================================

CLASSIFICATION PERFORMANCE:
total_samples: 100
valid_predictions: 100
invalid_predictions: 0
valid_prediction_rate: 1.0
accuracy: 0.78
macro_f1: 0.7859759288330717
weighted_f1: 0.7836316064887494
f1_a: 0.7755102040816326
f1_b: 0.7346938775510204
f1_c: 0.7619047619047619
f1_d: 0.8717948717948718
cohen_kappa: 0.7046186895810956

COMMONSENSE REASONING ANALYSIS:
true_a_count: 24
true_b_count: 21
true_c_count: 33
true_d_count: 22
pred_a_count: 25
pred_b_count: 28
pred_c_count: 30
pred_d_count: 17
a_precision: 0.76
b_precision: 0.6428571428571429
c_precision: 0.8
d_precision: 1.0
a_recall: 0.7916666666666666
b_recall: 0.8571428571428571
c_recall: 0.7272727272727273
d_recall: 0.7727272727272727
a_f1: 0.7755102040816326
b_f1: 0.7346938775510204
c_f1: 0.7619047619047619
d_f1: 0.8717948717948718

UNCERTAINTY & CONSISTENCY:
mean_entropy: 0.24953234152086515
std_entropy: 0.4196306235107714
mean_confidence: 0.9180000000000001
std_confidence: 0.1444852933692561
mean_js_divergence: 0.21107799849526593
std_js_divergence: 0.31088714677185075
low_confidence_samples: 1
high_uncertainty_samples: 28
perfect_agreement_samples: 72

DETAILED CLASSIFICATION REPORT:
              precision    recall  f1-score   support

           A       0.76      0.79      0.78        24
           B       0.64      0.86      0.73        21
           C       0.80      0.73      0.76        33
           D       1.00      0.77      0.87        22

    accuracy                           0.78       100
   macro avg       0.80      0.79      0.79       100
weighted avg       0.80      0.78      0.78       100

CONFUSION MATRIX:
Predicted:
         A    B    C    D
True A   19    1    4    0
    B     2   18    1    0
    C     2    7   24    0
    D     2    2    1   17
