SWAG COMMONSENSE REASONING EVALUATION REPORT FOR granite-3.3-8b-instruct
============================================================

CLASSIFICATION PERFORMANCE:
total_samples: 100
valid_predictions: 100
invalid_predictions: 0
valid_prediction_rate: 1.0
accuracy: 0.71
macro_f1: 0.703447520399214
weighted_f1: 0.7028365569849064
f1_a: 0.7586206896551724
f1_b: 0.5945945945945946
f1_c: 0.6779661016949152
f1_d: 0.782608695652174
cohen_kappa: 0.611364245510587

COMMONSENSE REASONING ANALYSIS:
true_a_count: 24
true_b_count: 21
true_c_count: 33
true_d_count: 22
pred_a_count: 34
pred_b_count: 16
pred_c_count: 26
pred_d_count: 24
a_precision: 0.6470588235294118
b_precision: 0.6875
c_precision: 0.7692307692307693
d_precision: 0.75
a_recall: 0.9166666666666666
b_recall: 0.5238095238095238
c_recall: 0.6060606060606061
d_recall: 0.8181818181818182
a_f1: 0.7586206896551724
b_f1: 0.5945945945945946
c_f1: 0.6779661016949152
d_f1: 0.782608695652174

UNCERTAINTY & CONSISTENCY:
mean_entropy: 0.34441510694549415
std_entropy: 0.454838145857338
mean_confidence: 0.8819999999999999
std_confidence: 0.16755894485225195
mean_js_divergence: 0.26700496369173365
std_js_divergence: 0.32859659711572503
low_confidence_samples: 3
high_uncertainty_samples: 39
perfect_agreement_samples: 61

DETAILED CLASSIFICATION REPORT:
              precision    recall  f1-score   support

           A       0.65      0.92      0.76        24
           B       0.69      0.52      0.59        21
           C       0.77      0.61      0.68        33
           D       0.75      0.82      0.78        22

    accuracy                           0.71       100
   macro avg       0.71      0.72      0.70       100
weighted avg       0.72      0.71      0.70       100

CONFUSION MATRIX:
Predicted:
         A    B    C    D
True A   22    0    1    1
    B     5   11    4    1
    C     4    5   20    4
    D     3    0    1   18
