SWAG COMMONSENSE REASONING EVALUATION REPORT FOR granite-3.3-8b-instruct
============================================================

CLASSIFICATION PERFORMANCE:
total_samples: 100
valid_predictions: 100
invalid_predictions: 0
valid_prediction_rate: 1.0
accuracy: 0.73
macro_f1: 0.7254653388443508
weighted_f1: 0.7228319232156231
f1_a: 0.8
f1_b: 0.6153846153846154
f1_c: 0.6779661016949152
f1_d: 0.8085106382978723
cohen_kappa: 0.6385542168674698

COMMONSENSE REASONING ANALYSIS:
true_a_count: 24
true_b_count: 21
true_c_count: 33
true_d_count: 22
pred_a_count: 31
pred_b_count: 18
pred_c_count: 26
pred_d_count: 25
a_precision: 0.7096774193548387
b_precision: 0.6666666666666666
c_precision: 0.7692307692307693
d_precision: 0.76
a_recall: 0.9166666666666666
b_recall: 0.5714285714285714
c_recall: 0.6060606060606061
d_recall: 0.8636363636363636
a_f1: 0.8
b_f1: 0.6153846153846154
c_f1: 0.6779661016949152
d_f1: 0.8085106382978723

UNCERTAINTY & CONSISTENCY:
mean_entropy: 0.03385757378684062
std_entropy: 0.16772647172840685
mean_confidence: 0.9880000000000001
std_confidence: 0.062096698785040094
mean_js_divergence: 0.22575053718933305
std_js_divergence: 0.365564648851816
low_confidence_samples: 0
high_uncertainty_samples: 4
perfect_agreement_samples: 96

DETAILED CLASSIFICATION REPORT:
              precision    recall  f1-score   support

           A       0.71      0.92      0.80        24
           B       0.67      0.57      0.62        21
           C       0.77      0.61      0.68        33
           D       0.76      0.86      0.81        22

    accuracy                           0.73       100
   macro avg       0.73      0.74      0.73       100
weighted avg       0.73      0.73      0.72       100

CONFUSION MATRIX:
Predicted:
         A    B    C    D
True A   22    0    1    1
    B     4   12    4    1
    C     3    6   20    4
    D     2    0    1   19
