SWAG COMMONSENSE REASONING EVALUATION REPORT FOR granite-3.3-8b-instruct
============================================================

CLASSIFICATION PERFORMANCE:
total_samples: 100
valid_predictions: 100
invalid_predictions: 0
valid_prediction_rate: 1.0
accuracy: 0.73
macro_f1: 0.722504492624339
weighted_f1: 0.7207311018888415
f1_a: 0.8070175438596491
f1_b: 0.5789473684210527
f1_c: 0.6779661016949152
f1_d: 0.8260869565217391
cohen_kappa: 0.6383121232417951

COMMONSENSE REASONING ANALYSIS:
true_a_count: 24
true_b_count: 21
true_c_count: 33
true_d_count: 22
pred_a_count: 33
pred_b_count: 17
pred_c_count: 26
pred_d_count: 24
a_precision: 0.696969696969697
b_precision: 0.6470588235294118
c_precision: 0.7692307692307693
d_precision: 0.7916666666666666
a_recall: 0.9583333333333334
b_recall: 0.5238095238095238
c_recall: 0.6060606060606061
d_recall: 0.8636363636363636
a_f1: 0.8070175438596491
b_f1: 0.5789473684210527
c_f1: 0.6779661016949152
d_f1: 0.8260869565217391

UNCERTAINTY & CONSISTENCY:
mean_entropy: 0.1845588129810026
std_entropy: 0.3957318770758785
mean_confidence: 0.932
std_confidence: 0.15025311976794362
mean_js_divergence: 0.22326701581351038
std_js_divergence: 0.33746202682830756
low_confidence_samples: 2
high_uncertainty_samples: 19
perfect_agreement_samples: 81

DETAILED CLASSIFICATION REPORT:
              precision    recall  f1-score   support

           A       0.70      0.96      0.81        24
           B       0.65      0.52      0.58        21
           C       0.77      0.61      0.68        33
           D       0.79      0.86      0.83        22

    accuracy                           0.73       100
   macro avg       0.73      0.74      0.72       100
weighted avg       0.73      0.73      0.72       100

CONFUSION MATRIX:
Predicted:
         A    B    C    D
True A   23    0    1    0
    B     4   11    5    1
    C     3    6   20    4
    D     3    0    0   19
