SWAG COMMONSENSE REASONING EVALUATION REPORT FOR granite-3.3-8b-instruct
============================================================

CLASSIFICATION PERFORMANCE:
total_samples: 100
valid_predictions: 100
invalid_predictions: 0
valid_prediction_rate: 1.0
accuracy: 0.73
macro_f1: 0.7258301404853129
weighted_f1: 0.7210957854406129
f1_a: 0.8148148148148148
f1_b: 0.6
f1_c: 0.6551724137931034
f1_d: 0.8333333333333334
cohen_kappa: 0.6392303580972742

COMMONSENSE REASONING ANALYSIS:
true_a_count: 24
true_b_count: 21
true_c_count: 33
true_d_count: 22
pred_a_count: 30
pred_b_count: 19
pred_c_count: 25
pred_d_count: 26
a_precision: 0.7333333333333333
b_precision: 0.631578947368421
c_precision: 0.76
d_precision: 0.7692307692307693
a_recall: 0.9166666666666666
b_recall: 0.5714285714285714
c_recall: 0.5757575757575758
d_recall: 0.9090909090909091
a_f1: 0.8148148148148148
b_f1: 0.6
c_f1: 0.6551724137931034
d_f1: 0.8333333333333334

UNCERTAINTY & CONSISTENCY:
mean_entropy: 0.09737299042030212
std_entropy: 0.2875095906623278
mean_confidence: 0.966
std_confidence: 0.10603772913449248
mean_js_divergence: 0.22508610419475886
std_js_divergence: 0.35546972652935943
low_confidence_samples: 1
high_uncertainty_samples: 11
perfect_agreement_samples: 89

DETAILED CLASSIFICATION REPORT:
              precision    recall  f1-score   support

           A       0.73      0.92      0.81        24
           B       0.63      0.57      0.60        21
           C       0.76      0.58      0.66        33
           D       0.77      0.91      0.83        22

    accuracy                           0.73       100
   macro avg       0.72      0.74      0.73       100
weighted avg       0.73      0.73      0.72       100

CONFUSION MATRIX:
Predicted:
         A    B    C    D
True A   22    0    1    1
    B     4   12    4    1
    C     3    7   19    4
    D     1    0    1   20
