SWAG COMMONSENSE REASONING EVALUATION REPORT FOR kanana-1.5-8b-instruct-2505
============================================================

CLASSIFICATION PERFORMANCE:
total_samples: 100
valid_predictions: 100
invalid_predictions: 0
valid_prediction_rate: 1.0
accuracy: 0.6
macro_f1: 0.6010233383650172
weighted_f1: 0.5998367847539977
f1_a: 0.625
f1_b: 0.6046511627906976
f1_c: 0.5862068965517241
f1_d: 0.5882352941176471
cohen_kappa: 0.46659554607280973

COMMONSENSE REASONING ANALYSIS:
true_a_count: 24
true_b_count: 21
true_c_count: 33
true_d_count: 22
pred_a_count: 24
pred_b_count: 22
pred_c_count: 25
pred_d_count: 29
a_precision: 0.625
b_precision: 0.5909090909090909
c_precision: 0.68
d_precision: 0.5172413793103449
a_recall: 0.625
b_recall: 0.6190476190476191
c_recall: 0.5151515151515151
d_recall: 0.6818181818181818
a_f1: 0.625
b_f1: 0.6046511627906976
c_f1: 0.5862068965517241
d_f1: 0.5882352941176471

UNCERTAINTY & CONSISTENCY:
mean_entropy: 0.172307418942857
std_entropy: 0.35637983716927507
mean_confidence: 0.9440000000000001
std_confidence: 0.12026637102698327
mean_js_divergence: 0.33626225222612155
std_js_divergence: 0.3830847722659974
low_confidence_samples: 0
high_uncertainty_samples: 20
perfect_agreement_samples: 80

DETAILED CLASSIFICATION REPORT:
              precision    recall  f1-score   support

           A       0.62      0.62      0.62        24
           B       0.59      0.62      0.60        21
           C       0.68      0.52      0.59        33
           D       0.52      0.68      0.59        22

    accuracy                           0.60       100
   macro avg       0.60      0.61      0.60       100
weighted avg       0.61      0.60      0.60       100

CONFUSION MATRIX:
Predicted:
         A    B    C    D
True A   15    1    3    5
    B     1   13    4    3
    C     4    6   17    6
    D     4    2    1   15
