SWAG COMMONSENSE REASONING EVALUATION REPORT FOR kanana-1.5-8b-instruct-2505
============================================================

CLASSIFICATION PERFORMANCE:
total_samples: 100
valid_predictions: 100
invalid_predictions: 0
valid_prediction_rate: 1.0
accuracy: 0.61
macro_f1: 0.6111830336126542
weighted_f1: 0.6107419263722813
f1_a: 0.6666666666666666
f1_b: 0.6046511627906976
f1_c: 0.5964912280701754
f1_d: 0.5769230769230769
cohen_kappa: 0.4806924101198402

COMMONSENSE REASONING ANALYSIS:
true_a_count: 24
true_b_count: 21
true_c_count: 33
true_d_count: 22
pred_a_count: 24
pred_b_count: 22
pred_c_count: 24
pred_d_count: 30
a_precision: 0.6666666666666666
b_precision: 0.5909090909090909
c_precision: 0.7083333333333334
d_precision: 0.5
a_recall: 0.6666666666666666
b_recall: 0.6190476190476191
c_recall: 0.5151515151515151
d_recall: 0.6818181818181818
a_f1: 0.6666666666666666
b_f1: 0.6046511627906976
c_f1: 0.5964912280701754
d_f1: 0.5769230769230769

UNCERTAINTY & CONSISTENCY:
mean_entropy: 0.01692878689342031
std_entropy: 0.1198026230301861
mean_confidence: 0.9940000000000001
std_confidence: 0.04431703961232069
mean_js_divergence: 0.3274327515599885
std_js_divergence: 0.4048011996529371
low_confidence_samples: 0
high_uncertainty_samples: 2
perfect_agreement_samples: 98

DETAILED CLASSIFICATION REPORT:
              precision    recall  f1-score   support

           A       0.67      0.67      0.67        24
           B       0.59      0.62      0.60        21
           C       0.71      0.52      0.60        33
           D       0.50      0.68      0.58        22

    accuracy                           0.61       100
   macro avg       0.62      0.62      0.61       100
weighted avg       0.63      0.61      0.61       100

CONFUSION MATRIX:
Predicted:
         A    B    C    D
True A   16    1    2    5
    B     1   13    4    3
    C     3    6   17    7
    D     4    2    1   15
