SWAG COMMONSENSE REASONING EVALUATION REPORT FOR kanana-1.5-8b-instruct-2505
============================================================

CLASSIFICATION PERFORMANCE:
total_samples: 100
valid_predictions: 100
invalid_predictions: 0
valid_prediction_rate: 1.0
accuracy: 0.6
macro_f1: 0.601411861957384
weighted_f1: 0.6027475986271137
f1_a: 0.6382978723404256
f1_b: 0.6046511627906976
f1_c: 0.6071428571428571
f1_d: 0.5555555555555556
cohen_kappa: 0.46829722185298417

COMMONSENSE REASONING ANALYSIS:
true_a_count: 24
true_b_count: 21
true_c_count: 33
true_d_count: 22
pred_a_count: 23
pred_b_count: 22
pred_c_count: 23
pred_d_count: 32
a_precision: 0.6521739130434783
b_precision: 0.5909090909090909
c_precision: 0.7391304347826086
d_precision: 0.46875
a_recall: 0.625
b_recall: 0.6190476190476191
c_recall: 0.5151515151515151
d_recall: 0.6818181818181818
a_f1: 0.6382978723404256
b_f1: 0.6046511627906976
c_f1: 0.6071428571428571
d_f1: 0.5555555555555556

UNCERTAINTY & CONSISTENCY:
mean_entropy: 0.1688367439558378
std_entropy: 0.35851737355313174
mean_confidence: 0.9460000000000001
std_confidence: 0.11951568934662929
mean_js_divergence: 0.32998858189624786
std_js_divergence: 0.3877618035404015
low_confidence_samples: 1
high_uncertainty_samples: 20
perfect_agreement_samples: 80

DETAILED CLASSIFICATION REPORT:
              precision    recall  f1-score   support

           A       0.65      0.62      0.64        24
           B       0.59      0.62      0.60        21
           C       0.74      0.52      0.61        33
           D       0.47      0.68      0.56        22

    accuracy                           0.60       100
   macro avg       0.61      0.61      0.60       100
weighted avg       0.63      0.60      0.60       100

CONFUSION MATRIX:
Predicted:
         A    B    C    D
True A   15    1    1    7
    B     1   13    4    3
    C     3    6   17    7
    D     4    2    1   15
