SWAG COMMONSENSE REASONING EVALUATION REPORT FOR LLaDA-8B-Instruct
============================================================

CLASSIFICATION PERFORMANCE:
total_samples: 100
valid_predictions: 83
invalid_predictions: 17
valid_prediction_rate: 0.83
accuracy: 0.6626506024096386
macro_f1: 0.6683833648119363
weighted_f1: 0.6595245579755047
f1_a: 0.7222222222222222
f1_b: 0.6363636363636364
f1_c: 0.6122448979591837
f1_d: 0.7027027027027027
cohen_kappa: 0.5532487504805844

COMMONSENSE REASONING ANALYSIS:
true_a_count: 20
true_b_count: 19
true_c_count: 30
true_d_count: 14
pred_a_count: 16
pred_b_count: 25
pred_c_count: 19
pred_d_count: 23
a_precision: 0.8125
b_precision: 0.56
c_precision: 0.7894736842105263
d_precision: 0.5652173913043478
a_recall: 0.65
b_recall: 0.7368421052631579
c_recall: 0.5
d_recall: 0.9285714285714286
a_f1: 0.7222222222222222
b_f1: 0.6363636363636364
c_f1: 0.6122448979591837
d_f1: 0.7027027027027027

UNCERTAINTY & CONSISTENCY:
mean_entropy: 0.31027992954321104
std_entropy: 0.46203366901517345
mean_confidence: 0.9012048192771084
std_confidence: 0.15327271222929398
mean_js_divergence: 0.2798051761792502
std_js_divergence: 0.36594272984296083
low_confidence_samples: 1
high_uncertainty_samples: 28
perfect_agreement_samples: 55

DETAILED CLASSIFICATION REPORT:
              precision    recall  f1-score   support

           A       0.81      0.65      0.72        20
           B       0.56      0.74      0.64        19
           C       0.79      0.50      0.61        30
           D       0.57      0.93      0.70        14

    accuracy                           0.66        83
   macro avg       0.68      0.70      0.67        83
weighted avg       0.70      0.66      0.66        83

CONFUSION MATRIX:
Predicted:
         A    B    C    D
True A   13    1    2    4
    B     1   14    2    2
    C     2    9   15    4
    D     0    1    0   13
