SWAG COMMONSENSE REASONING EVALUATION REPORT FOR LLaDA-8B-Instruct
============================================================

CLASSIFICATION PERFORMANCE:
total_samples: 100
valid_predictions: 84
invalid_predictions: 16
valid_prediction_rate: 0.84
accuracy: 0.6785714285714286
macro_f1: 0.6827257745550428
weighted_f1: 0.6771894717016668
f1_a: 0.7567567567567568
f1_b: 0.6341463414634146
f1_c: 0.64
f1_d: 0.7
cohen_kappa: 0.5739244786774376

COMMONSENSE REASONING ANALYSIS:
true_a_count: 20
true_b_count: 19
true_c_count: 30
true_d_count: 15
pred_a_count: 17
pred_b_count: 22
pred_c_count: 20
pred_d_count: 25
a_precision: 0.8235294117647058
b_precision: 0.5909090909090909
c_precision: 0.8
d_precision: 0.56
a_recall: 0.7
b_recall: 0.6842105263157895
c_recall: 0.5333333333333333
d_recall: 0.9333333333333333
a_f1: 0.7567567567567568
b_f1: 0.6341463414634146
c_f1: 0.64
d_f1: 0.7

UNCERTAINTY & CONSISTENCY:
mean_entropy: 0.049830444984334074
std_entropy: 0.23182395982118467
mean_confidence: 0.9809523809523808
std_confidence: 0.09060141709733546
mean_js_divergence: 0.26804479443167256
std_js_divergence: 0.38368904581658514
low_confidence_samples: 1
high_uncertainty_samples: 4
perfect_agreement_samples: 80

DETAILED CLASSIFICATION REPORT:
              precision    recall  f1-score   support

           A       0.82      0.70      0.76        20
           B       0.59      0.68      0.63        19
           C       0.80      0.53      0.64        30
           D       0.56      0.93      0.70        15

    accuracy                           0.68        84
   macro avg       0.69      0.71      0.68        84
weighted avg       0.72      0.68      0.68        84

CONFUSION MATRIX:
Predicted:
         A    B    C    D
True A   14    1    2    3
    B     1   13    2    3
    C     1    8   16    5
    D     1    0    0   14
