SWAG COMMONSENSE REASONING EVALUATION REPORT FOR Llama-3.1-8B-Instruct
============================================================

CLASSIFICATION PERFORMANCE:
total_samples: 100
valid_predictions: 100
invalid_predictions: 0
valid_prediction_rate: 1.0
accuracy: 0.57
macro_f1: 0.5518575174825175
weighted_f1: 0.557076923076923
f1_a: 0.4375
f1_b: 0.5
f1_c: 0.6153846153846154
f1_d: 0.6545454545454545
cohen_kappa: 0.42351521651695945

COMMONSENSE REASONING ANALYSIS:
true_a_count: 24
true_b_count: 21
true_c_count: 33
true_d_count: 22
pred_a_count: 8
pred_b_count: 27
pred_c_count: 32
pred_d_count: 33
a_precision: 0.875
b_precision: 0.4444444444444444
c_precision: 0.625
d_precision: 0.5454545454545454
a_recall: 0.2916666666666667
b_recall: 0.5714285714285714
c_recall: 0.6060606060606061
d_recall: 0.8181818181818182
a_f1: 0.4375
b_f1: 0.5
c_f1: 0.6153846153846154
d_f1: 0.6545454545454545

UNCERTAINTY & CONSISTENCY:
mean_entropy: 0.1618171939471839
std_entropy: 0.3279645901137671
mean_confidence: 0.9459999999999998
std_confidence: 0.11612062693595829
mean_js_divergence: 0.3610477498285683
std_js_divergence: 0.38105152241677254
low_confidence_samples: 0
high_uncertainty_samples: 20
perfect_agreement_samples: 80

DETAILED CLASSIFICATION REPORT:
              precision    recall  f1-score   support

           A       0.88      0.29      0.44        24
           B       0.44      0.57      0.50        21
           C       0.62      0.61      0.62        33
           D       0.55      0.82      0.65        22

    accuracy                           0.57       100
   macro avg       0.62      0.57      0.55       100
weighted avg       0.63      0.57      0.56       100

CONFUSION MATRIX:
Predicted:
         A    B    C    D
True A    7    3    8    6
    B     1   12    3    5
    C     0    9   20    4
    D     0    3    1   18
