SWAG COMMONSENSE REASONING EVALUATION REPORT FOR Llama-3.1-8B-Instruct
============================================================

CLASSIFICATION PERFORMANCE:
total_samples: 100
valid_predictions: 100
invalid_predictions: 0
valid_prediction_rate: 1.0
accuracy: 0.58
macro_f1: 0.5628394797026872
weighted_f1: 0.5737457118353345
f1_a: 0.48484848484848486
f1_b: 0.4583333333333333
f1_c: 0.6666666666666666
f1_d: 0.6415094339622641
cohen_kappa: 0.43593875906527

COMMONSENSE REASONING ANALYSIS:
true_a_count: 24
true_b_count: 21
true_c_count: 33
true_d_count: 22
pred_a_count: 9
pred_b_count: 27
pred_c_count: 33
pred_d_count: 31
a_precision: 0.8888888888888888
b_precision: 0.4074074074074074
c_precision: 0.6666666666666666
d_precision: 0.5483870967741935
a_recall: 0.3333333333333333
b_recall: 0.5238095238095238
c_recall: 0.6666666666666666
d_recall: 0.7727272727272727
a_f1: 0.48484848484848486
b_f1: 0.4583333333333333
c_f1: 0.6666666666666666
d_f1: 0.6415094339622641

UNCERTAINTY & CONSISTENCY:
mean_entropy: 0.09659227136917574
std_entropy: 0.26471522306364287
mean_confidence: 0.968
std_confidence: 0.0926066952223218
mean_js_divergence: 0.34081559870629113
std_js_divergence: 0.3899008169011094
low_confidence_samples: 0
high_uncertainty_samples: 12
perfect_agreement_samples: 88

DETAILED CLASSIFICATION REPORT:
              precision    recall  f1-score   support

           A       0.89      0.33      0.48        24
           B       0.41      0.52      0.46        21
           C       0.67      0.67      0.67        33
           D       0.55      0.77      0.64        22

    accuracy                           0.58       100
   macro avg       0.63      0.57      0.56       100
weighted avg       0.64      0.58      0.57       100

CONFUSION MATRIX:
Predicted:
         A    B    C    D
True A    8    3    6    7
    B     1   11    4    5
    C     0    9   22    2
    D     0    4    1   17
