SWAG COMMONSENSE REASONING EVALUATION REPORT FOR Llama-3.1-8B-Instruct
============================================================

CLASSIFICATION PERFORMANCE:
total_samples: 100
valid_predictions: 100
invalid_predictions: 0
valid_prediction_rate: 1.0
accuracy: 0.58
macro_f1: 0.5768086202608108
weighted_f1: 0.5808213410084213
f1_a: 0.5555555555555556
f1_b: 0.5
f1_c: 0.6101694915254238
f1_d: 0.6415094339622641
cohen_kappa: 0.4415636218587954

COMMONSENSE REASONING ANALYSIS:
true_a_count: 24
true_b_count: 21
true_c_count: 33
true_d_count: 22
pred_a_count: 12
pred_b_count: 31
pred_c_count: 26
pred_d_count: 31
a_precision: 0.8333333333333334
b_precision: 0.41935483870967744
c_precision: 0.6923076923076923
d_precision: 0.5483870967741935
a_recall: 0.4166666666666667
b_recall: 0.6190476190476191
c_recall: 0.5454545454545454
d_recall: 0.7727272727272727
a_f1: 0.5555555555555556
b_f1: 0.5
c_f1: 0.6101694915254238
d_f1: 0.6415094339622641

UNCERTAINTY & CONSISTENCY:
mean_entropy: 0.6239152699005353
std_entropy: 0.5837904443308971
mean_confidence: 0.7859999999999998
std_confidence: 0.20833626664601626
mean_js_divergence: 0.41803553094726487
std_js_divergence: 0.3143059272890017
low_confidence_samples: 9
high_uncertainty_samples: 58
perfect_agreement_samples: 42

DETAILED CLASSIFICATION REPORT:
              precision    recall  f1-score   support

           A       0.83      0.42      0.56        24
           B       0.42      0.62      0.50        21
           C       0.69      0.55      0.61        33
           D       0.55      0.77      0.64        22

    accuracy                           0.58       100
   macro avg       0.62      0.59      0.58       100
weighted avg       0.64      0.58      0.58       100

CONFUSION MATRIX:
Predicted:
         A    B    C    D
True A   10    3    4    7
    B     2   13    3    3
    C     0   11   18    4
    D     0    4    1   17
