SWAG COMMONSENSE REASONING EVALUATION REPORT FOR Llama-3.1-8B-Instruct
============================================================

CLASSIFICATION PERFORMANCE:
total_samples: 100
valid_predictions: 100
invalid_predictions: 0
valid_prediction_rate: 1.0
accuracy: 0.58
macro_f1: 0.5584906114588348
weighted_f1: 0.5631688974482426
f1_a: 0.3870967741935484
f1_b: 0.5
f1_c: 0.6268656716417911
f1_d: 0.72
cohen_kappa: 0.4357114066908505

COMMONSENSE REASONING ANALYSIS:
true_a_count: 24
true_b_count: 21
true_c_count: 33
true_d_count: 22
pred_a_count: 7
pred_b_count: 31
pred_c_count: 34
pred_d_count: 28
a_precision: 0.8571428571428571
b_precision: 0.41935483870967744
c_precision: 0.6176470588235294
d_precision: 0.6428571428571429
a_recall: 0.25
b_recall: 0.6190476190476191
c_recall: 0.6363636363636364
d_recall: 0.8181818181818182
a_f1: 0.3870967741935484
b_f1: 0.5
c_f1: 0.6268656716417911
d_f1: 0.72

UNCERTAINTY & CONSISTENCY:
mean_entropy: 0.48679367351837866
std_entropy: 0.563100683275114
mean_confidence: 0.8279999999999998
std_confidence: 0.20202970078679022
mean_js_divergence: 0.39286569639470015
std_js_divergence: 0.34601006854893634
low_confidence_samples: 5
high_uncertainty_samples: 46
perfect_agreement_samples: 54

DETAILED CLASSIFICATION REPORT:
              precision    recall  f1-score   support

           A       0.86      0.25      0.39        24
           B       0.42      0.62      0.50        21
           C       0.62      0.64      0.63        33
           D       0.64      0.82      0.72        22

    accuracy                           0.58       100
   macro avg       0.63      0.58      0.56       100
weighted avg       0.64      0.58      0.56       100

CONFUSION MATRIX:
Predicted:
         A    B    C    D
True A    6    5    7    6
    B     1   13    5    2
    C     0   10   21    2
    D     0    3    1   18
