SWAG COMMONSENSE REASONING EVALUATION REPORT FOR Mengzi3-8B-Chat
============================================================

CLASSIFICATION PERFORMANCE:
total_samples: 100
valid_predictions: 100
invalid_predictions: 0
valid_prediction_rate: 1.0
accuracy: 0.54
macro_f1: 0.5420875420875421
weighted_f1: 0.5412794612794614
f1_a: 0.6666666666666666
f1_b: 0.4090909090909091
f1_c: 0.5
f1_d: 0.5925925925925926
cohen_kappa: 0.3858477970627503

COMMONSENSE REASONING ANALYSIS:
true_a_count: 24
true_b_count: 21
true_c_count: 33
true_d_count: 22
pred_a_count: 18
pred_b_count: 23
pred_c_count: 27
pred_d_count: 32
a_precision: 0.7777777777777778
b_precision: 0.391304347826087
c_precision: 0.5555555555555556
d_precision: 0.5
a_recall: 0.5833333333333334
b_recall: 0.42857142857142855
c_recall: 0.45454545454545453
d_recall: 0.7272727272727273
a_f1: 0.6666666666666666
b_f1: 0.4090909090909091
c_f1: 0.5
d_f1: 0.5925925925925926

UNCERTAINTY & CONSISTENCY:
mean_entropy: 0.10157272136052185
std_entropy: 0.27842143620596466
mean_confidence: 0.964
std_confidence: 0.10346013725102049
mean_js_divergence: 0.39072421201748125
std_js_divergence: 0.3992601770406669
low_confidence_samples: 0
high_uncertainty_samples: 12
perfect_agreement_samples: 88

DETAILED CLASSIFICATION REPORT:
              precision    recall  f1-score   support

           A       0.78      0.58      0.67        24
           B       0.39      0.43      0.41        21
           C       0.56      0.45      0.50        33
           D       0.50      0.73      0.59        22

    accuracy                           0.54       100
   macro avg       0.56      0.55      0.54       100
weighted avg       0.56      0.54      0.54       100

CONFUSION MATRIX:
Predicted:
         A    B    C    D
True A   14    1    5    4
    B     1    9    5    6
    C     2   10   15    6
    D     1    3    2   16
