SWAG COMMONSENSE REASONING EVALUATION REPORT FOR Mengzi3-8B-Chat
============================================================

CLASSIFICATION PERFORMANCE:
total_samples: 100
valid_predictions: 100
invalid_predictions: 0
valid_prediction_rate: 1.0
accuracy: 0.53
macro_f1: 0.5309048186955163
weighted_f1: 0.5326816594258454
f1_a: 0.6666666666666666
f1_b: 0.37209302325581395
f1_c: 0.5079365079365079
f1_d: 0.5769230769230769
cohen_kappa: 0.36963519313304727

COMMONSENSE REASONING ANALYSIS:
true_a_count: 24
true_b_count: 21
true_c_count: 33
true_d_count: 22
pred_a_count: 18
pred_b_count: 22
pred_c_count: 30
pred_d_count: 30
a_precision: 0.7777777777777778
b_precision: 0.36363636363636365
c_precision: 0.5333333333333333
d_precision: 0.5
a_recall: 0.5833333333333334
b_recall: 0.38095238095238093
c_recall: 0.48484848484848486
d_recall: 0.6818181818181818
a_f1: 0.6666666666666666
b_f1: 0.37209302325581395
c_f1: 0.5079365079365079
d_f1: 0.5769230769230769

UNCERTAINTY & CONSISTENCY:
mean_entropy: 0.07493442852255487
std_entropy: 0.2411506632921791
mean_confidence: 0.9739999999999999
std_confidence: 0.08788629017087933
mean_js_divergence: 0.39247241620419904
std_js_divergence: 0.4004534523730945
low_confidence_samples: 0
high_uncertainty_samples: 9
perfect_agreement_samples: 91

DETAILED CLASSIFICATION REPORT:
              precision    recall  f1-score   support

           A       0.78      0.58      0.67        24
           B       0.36      0.38      0.37        21
           C       0.53      0.48      0.51        33
           D       0.50      0.68      0.58        22

    accuracy                           0.53       100
   macro avg       0.54      0.53      0.53       100
weighted avg       0.55      0.53      0.53       100

CONFUSION MATRIX:
Predicted:
         A    B    C    D
True A   14    1    5    4
    B     1    8    6    6
    C     2   10   16    5
    D     1    3    3   15
