SWAG COMMONSENSE REASONING EVALUATION REPORT FOR Mengzi3-8B-Chat
============================================================

CLASSIFICATION PERFORMANCE:
total_samples: 100
valid_predictions: 100
invalid_predictions: 0
valid_prediction_rate: 1.0
accuracy: 0.5
macro_f1: 0.5031781981085117
weighted_f1: 0.5058306620209059
f1_a: 0.5853658536585366
f1_b: 0.3673469387755102
f1_c: 0.5
f1_d: 0.56
cohen_kappa: 0.33306655995731627

COMMONSENSE REASONING ANALYSIS:
true_a_count: 24
true_b_count: 21
true_c_count: 33
true_d_count: 22
pred_a_count: 17
pred_b_count: 28
pred_c_count: 27
pred_d_count: 28
a_precision: 0.7058823529411765
b_precision: 0.32142857142857145
c_precision: 0.5555555555555556
d_precision: 0.5
a_recall: 0.5
b_recall: 0.42857142857142855
c_recall: 0.45454545454545453
d_recall: 0.6363636363636364
a_f1: 0.5853658536585366
b_f1: 0.3673469387755102
c_f1: 0.5
d_f1: 0.56

UNCERTAINTY & CONSISTENCY:
mean_entropy: 0.46027832236146937
std_entropy: 0.5062492890126903
mean_confidence: 0.846
std_confidence: 0.17856091397615548
mean_js_divergence: 0.42447864394154144
std_js_divergence: 0.34719799217303615
low_confidence_samples: 4
high_uncertainty_samples: 50
perfect_agreement_samples: 50

DETAILED CLASSIFICATION REPORT:
              precision    recall  f1-score   support

           A       0.71      0.50      0.59        24
           B       0.32      0.43      0.37        21
           C       0.56      0.45      0.50        33
           D       0.50      0.64      0.56        22

    accuracy                           0.50       100
   macro avg       0.52      0.50      0.50       100
weighted avg       0.53      0.50      0.51       100

CONFUSION MATRIX:
Predicted:
         A    B    C    D
True A   12    3    4    5
    B     1    9    6    5
    C     2   12   15    4
    D     2    4    2   14
