SWAG COMMONSENSE REASONING EVALUATION REPORT FOR Mengzi3-8B-Chat
============================================================

CLASSIFICATION PERFORMANCE:
total_samples: 100
valid_predictions: 100
invalid_predictions: 0
valid_prediction_rate: 1.0
accuracy: 0.53
macro_f1: 0.5324876307299359
weighted_f1: 0.535147172670356
f1_a: 0.6341463414634146
f1_b: 0.3829787234042553
f1_c: 0.5245901639344263
f1_d: 0.5882352941176471
cohen_kappa: 0.37199358631747736

COMMONSENSE REASONING ANALYSIS:
true_a_count: 24
true_b_count: 21
true_c_count: 33
true_d_count: 22
pred_a_count: 17
pred_b_count: 26
pred_c_count: 28
pred_d_count: 29
a_precision: 0.7647058823529411
b_precision: 0.34615384615384615
c_precision: 0.5714285714285714
d_precision: 0.5172413793103449
a_recall: 0.5416666666666666
b_recall: 0.42857142857142855
c_recall: 0.48484848484848486
d_recall: 0.6818181818181818
a_f1: 0.6341463414634146
b_f1: 0.3829787234042553
c_f1: 0.5245901639344263
d_f1: 0.5882352941176471

UNCERTAINTY & CONSISTENCY:
mean_entropy: 0.3275379831499997
std_entropy: 0.47484100677242697
mean_confidence: 0.89
std_confidence: 0.1682260384126072
mean_js_divergence: 0.4141905057416
std_js_divergence: 0.36791983784481785
low_confidence_samples: 3
high_uncertainty_samples: 35
perfect_agreement_samples: 65

DETAILED CLASSIFICATION REPORT:
              precision    recall  f1-score   support

           A       0.76      0.54      0.63        24
           B       0.35      0.43      0.38        21
           C       0.57      0.48      0.52        33
           D       0.52      0.68      0.59        22

    accuracy                           0.53       100
   macro avg       0.55      0.53      0.53       100
weighted avg       0.56      0.53      0.54       100

CONFUSION MATRIX:
Predicted:
         A    B    C    D
True A   13    2    5    4
    B     1    9    5    6
    C     1   12   16    4
    D     2    3    2   15
