SWAG COMMONSENSE REASONING EVALUATION REPORT FOR Ministral-8B-Instruct-2410
============================================================

CLASSIFICATION PERFORMANCE:
total_samples: 100
valid_predictions: 100
invalid_predictions: 0
valid_prediction_rate: 1.0
accuracy: 0.79
macro_f1: 0.7928389586926172
weighted_f1: 0.7857018970189702
f1_a: 0.8148148148148148
f1_b: 0.8292682926829268
f1_c: 0.7272727272727273
f1_d: 0.8
cohen_kappa: 0.7206703910614525

COMMONSENSE REASONING ANALYSIS:
true_a_count: 24
true_b_count: 21
true_c_count: 33
true_d_count: 22
pred_a_count: 30
pred_b_count: 20
pred_c_count: 22
pred_d_count: 28
a_precision: 0.7333333333333333
b_precision: 0.85
c_precision: 0.9090909090909091
d_precision: 0.7142857142857143
a_recall: 0.9166666666666666
b_recall: 0.8095238095238095
c_recall: 0.6060606060606061
d_recall: 0.9090909090909091
a_f1: 0.8148148148148148
b_f1: 0.8292682926829268
c_f1: 0.7272727272727273
d_f1: 0.8

UNCERTAINTY & CONSISTENCY:
mean_entropy: 0.2082557558449312
std_entropy: 0.4225856816422542
mean_confidence: 0.9339999999999999
std_confidence: 0.1387227450708787
mean_js_divergence: 0.18143705743733826
std_js_divergence: 0.311029632880332
low_confidence_samples: 2
high_uncertainty_samples: 22
perfect_agreement_samples: 78

DETAILED CLASSIFICATION REPORT:
              precision    recall  f1-score   support

           A       0.73      0.92      0.81        24
           B       0.85      0.81      0.83        21
           C       0.91      0.61      0.73        33
           D       0.71      0.91      0.80        22

    accuracy                           0.79       100
   macro avg       0.80      0.81      0.79       100
weighted avg       0.81      0.79      0.79       100

CONFUSION MATRIX:
Predicted:
         A    B    C    D
True A   22    0    1    1
    B     1   17    1    2
    C     5    3   20    5
    D     2    0    0   20
