SWAG COMMONSENSE REASONING EVALUATION REPORT FOR Ministral-8B-Instruct-2410
============================================================

CLASSIFICATION PERFORMANCE:
total_samples: 100
valid_predictions: 100
invalid_predictions: 0
valid_prediction_rate: 1.0
accuracy: 0.72
macro_f1: 0.7223864759579045
weighted_f1: 0.7064208965637536
f1_a: 0.7407407407407407
f1_b: 0.7555555555555555
f1_c: 0.5769230769230769
f1_d: 0.8163265306122449
cohen_kappa: 0.6293845135671741

COMMONSENSE REASONING ANALYSIS:
true_a_count: 24
true_b_count: 21
true_c_count: 33
true_d_count: 22
pred_a_count: 30
pred_b_count: 24
pred_c_count: 19
pred_d_count: 27
a_precision: 0.6666666666666666
b_precision: 0.7083333333333334
c_precision: 0.7894736842105263
d_precision: 0.7407407407407407
a_recall: 0.8333333333333334
b_recall: 0.8095238095238095
c_recall: 0.45454545454545453
d_recall: 0.9090909090909091
a_f1: 0.7407407407407407
b_f1: 0.7555555555555555
c_f1: 0.5769230769230769
d_f1: 0.8163265306122449

UNCERTAINTY & CONSISTENCY:
mean_entropy: 0.8005857413043264
std_entropy: 0.6196717052545097
mean_confidence: 0.7339999999999999
std_confidence: 0.21735684944349004
mean_js_divergence: 0.3224743480895738
std_js_divergence: 0.2725787496941269
low_confidence_samples: 18
high_uncertainty_samples: 70
perfect_agreement_samples: 30

DETAILED CLASSIFICATION REPORT:
              precision    recall  f1-score   support

           A       0.67      0.83      0.74        24
           B       0.71      0.81      0.76        21
           C       0.79      0.45      0.58        33
           D       0.74      0.91      0.82        22

    accuracy                           0.72       100
   macro avg       0.73      0.75      0.72       100
weighted avg       0.73      0.72      0.71       100

CONFUSION MATRIX:
Predicted:
         A    B    C    D
True A   20    1    2    1
    B     1   17    1    2
    C     9    5   15    4
    D     0    1    1   20
