SWAG COMMONSENSE REASONING EVALUATION REPORT FOR Ministral-8B-Instruct-2410
============================================================

CLASSIFICATION PERFORMANCE:
total_samples: 100
valid_predictions: 100
invalid_predictions: 0
valid_prediction_rate: 1.0
accuracy: 0.81
macro_f1: 0.811905944105547
weighted_f1: 0.8047931148626282
f1_a: 0.8679245283018868
f1_b: 0.8095238095238095
f1_c: 0.7368421052631579
f1_d: 0.8333333333333334
cohen_kappa: 0.7466328843845846

COMMONSENSE REASONING ANALYSIS:
true_a_count: 24
true_b_count: 21
true_c_count: 33
true_d_count: 22
pred_a_count: 29
pred_b_count: 21
pred_c_count: 24
pred_d_count: 26
a_precision: 0.7931034482758621
b_precision: 0.8095238095238095
c_precision: 0.875
d_precision: 0.7692307692307693
a_recall: 0.9583333333333334
b_recall: 0.8095238095238095
c_recall: 0.6363636363636364
d_recall: 0.9090909090909091
a_f1: 0.8679245283018868
b_f1: 0.8095238095238095
c_f1: 0.7368421052631579
d_f1: 0.8333333333333334

UNCERTAINTY & CONSISTENCY:
mean_entropy: 0.3583578022184339
std_entropy: 0.5527585709487944
mean_confidence: 0.8880000000000001
std_confidence: 0.1795995545651492
mean_js_divergence: 0.2117625759220491
std_js_divergence: 0.30125281952815913
low_confidence_samples: 6
high_uncertainty_samples: 34
perfect_agreement_samples: 66

DETAILED CLASSIFICATION REPORT:
              precision    recall  f1-score   support

           A       0.79      0.96      0.87        24
           B       0.81      0.81      0.81        21
           C       0.88      0.64      0.74        33
           D       0.77      0.91      0.83        22

    accuracy                           0.81       100
   macro avg       0.81      0.83      0.81       100
weighted avg       0.82      0.81      0.80       100

CONFUSION MATRIX:
Predicted:
         A    B    C    D
True A   23    0    1    0
    B     1   17    1    2
    C     4    4   21    4
    D     1    0    1   20
