SWAG COMMONSENSE REASONING EVALUATION REPORT FOR Mistral-7B-Instruct-v0.3
============================================================

CLASSIFICATION PERFORMANCE:
total_samples: 100
valid_predictions: 100
invalid_predictions: 0
valid_prediction_rate: 1.0
accuracy: 0.6
macro_f1: 0.5993082498896453
weighted_f1: 0.5784132379248659
f1_a: 0.6153846153846154
f1_b: 0.6285714285714286
f1_c: 0.4090909090909091
f1_d: 0.7441860465116279
cohen_kappa: 0.4726433750823995

COMMONSENSE REASONING ANALYSIS:
true_a_count: 24
true_b_count: 21
true_c_count: 33
true_d_count: 22
pred_a_count: 54
pred_b_count: 14
pred_c_count: 11
pred_d_count: 21
a_precision: 0.4444444444444444
b_precision: 0.7857142857142857
c_precision: 0.8181818181818182
d_precision: 0.7619047619047619
a_recall: 1.0
b_recall: 0.5238095238095238
c_recall: 0.2727272727272727
d_recall: 0.7272727272727273
a_f1: 0.6153846153846154
b_f1: 0.6285714285714286
c_f1: 0.4090909090909091
d_f1: 0.7441860465116279

UNCERTAINTY & CONSISTENCY:
mean_entropy: 0.16186885704510975
std_entropy: 0.35868447047685886
mean_confidence: 0.944
std_confidence: 0.12986146464598342
mean_js_divergence: 0.35097056841195323
std_js_divergence: 0.38695339390045924
low_confidence_samples: 1
high_uncertainty_samples: 18
perfect_agreement_samples: 82

DETAILED CLASSIFICATION REPORT:
              precision    recall  f1-score   support

           A       0.44      1.00      0.62        24
           B       0.79      0.52      0.63        21
           C       0.82      0.27      0.41        33
           D       0.76      0.73      0.74        22

    accuracy                           0.60       100
   macro avg       0.70      0.63      0.60       100
weighted avg       0.71      0.60      0.58       100

CONFUSION MATRIX:
Predicted:
         A    B    C    D
True A   24    0    0    0
    B     7   11    2    1
    C    17    3    9    4
    D     6    0    0   16
