SWAG COMMONSENSE REASONING EVALUATION REPORT FOR neural-chat-7b-v3-3
============================================================

CLASSIFICATION PERFORMANCE:
total_samples: 100
valid_predictions: 100
invalid_predictions: 0
valid_prediction_rate: 1.0
accuracy: 0.68
macro_f1: 0.6779524568998253
weighted_f1: 0.676250626566416
f1_a: 0.6984126984126984
f1_b: 0.631578947368421
f1_c: 0.6545454545454545
f1_d: 0.7272727272727273
cohen_kappa: 0.5731625983726825

COMMONSENSE REASONING ANALYSIS:
true_a_count: 24
true_b_count: 21
true_c_count: 33
true_d_count: 22
pred_a_count: 39
pred_b_count: 17
pred_c_count: 22
pred_d_count: 22
a_precision: 0.5641025641025641
b_precision: 0.7058823529411765
c_precision: 0.8181818181818182
d_precision: 0.7272727272727273
a_recall: 0.9166666666666666
b_recall: 0.5714285714285714
c_recall: 0.5454545454545454
d_recall: 0.7272727272727273
a_f1: 0.6984126984126984
b_f1: 0.631578947368421
c_f1: 0.6545454545454545
d_f1: 0.7272727272727273

UNCERTAINTY & CONSISTENCY:
mean_entropy: 0.07171514757368123
std_entropy: 0.2505624704669582
mean_confidence: 0.976
std_confidence: 0.08616263691415206
mean_js_divergence: 0.2624243343366629
std_js_divergence: 0.37531706767245004
low_confidence_samples: 0
high_uncertainty_samples: 8
perfect_agreement_samples: 92

DETAILED CLASSIFICATION REPORT:
              precision    recall  f1-score   support

           A       0.56      0.92      0.70        24
           B       0.71      0.57      0.63        21
           C       0.82      0.55      0.65        33
           D       0.73      0.73      0.73        22

    accuracy                           0.68       100
   macro avg       0.70      0.69      0.68       100
weighted avg       0.71      0.68      0.68       100

CONFUSION MATRIX:
Predicted:
         A    B    C    D
True A   22    0    1    1
    B     3   12    3    3
    C     9    4   18    2
    D     5    1    0   16
