SWAG COMMONSENSE REASONING EVALUATION REPORT FOR Qwen2.5-7B-Instruct
============================================================

CLASSIFICATION PERFORMANCE:
total_samples: 100
valid_predictions: 100
invalid_predictions: 0
valid_prediction_rate: 1.0
accuracy: 0.73
macro_f1: 0.7257925298179535
weighted_f1: 0.728879472693032
f1_a: 0.7407407407407407
f1_b: 0.6666666666666666
f1_c: 0.7457627118644068
f1_d: 0.75
cohen_kappa: 0.6386509635974305

COMMONSENSE REASONING ANALYSIS:
true_a_count: 24
true_b_count: 21
true_c_count: 33
true_d_count: 22
pred_a_count: 30
pred_b_count: 18
pred_c_count: 26
pred_d_count: 26
a_precision: 0.6666666666666666
b_precision: 0.7222222222222222
c_precision: 0.8461538461538461
d_precision: 0.6923076923076923
a_recall: 0.8333333333333334
b_recall: 0.6190476190476191
c_recall: 0.6666666666666666
d_recall: 0.8181818181818182
a_f1: 0.7407407407407407
b_f1: 0.6666666666666666
c_f1: 0.7457627118644068
d_f1: 0.75

UNCERTAINTY & CONSISTENCY:
mean_entropy: 0.0072192809488736236
std_entropy: 0.07183093849072415
mean_confidence: 0.998
std_confidence: 0.01989974874213238
mean_js_divergence: 0.22752619822106473
std_js_divergence: 0.36895851459273515
low_confidence_samples: 0
high_uncertainty_samples: 1
perfect_agreement_samples: 99

DETAILED CLASSIFICATION REPORT:
              precision    recall  f1-score   support

           A       0.67      0.83      0.74        24
           B       0.72      0.62      0.67        21
           C       0.85      0.67      0.75        33
           D       0.69      0.82      0.75        22

    accuracy                           0.73       100
   macro avg       0.73      0.73      0.73       100
weighted avg       0.74      0.73      0.73       100

CONFUSION MATRIX:
Predicted:
         A    B    C    D
True A   20    1    2    1
    B     2   13    2    4
    C     4    4   22    3
    D     4    0    0   18
