SWAG COMMONSENSE REASONING EVALUATION REPORT FOR Qwen2.5-7B-Instruct
============================================================

CLASSIFICATION PERFORMANCE:
total_samples: 100
valid_predictions: 100
invalid_predictions: 0
valid_prediction_rate: 1.0
accuracy: 0.72
macro_f1: 0.7149769269810741
weighted_f1: 0.7195284088632448
f1_a: 0.7407407407407407
f1_b: 0.65
f1_c: 0.7457627118644068
f1_d: 0.723404255319149
cohen_kappa: 0.6253178107854944

COMMONSENSE REASONING ANALYSIS:
true_a_count: 24
true_b_count: 21
true_c_count: 33
true_d_count: 22
pred_a_count: 30
pred_b_count: 19
pred_c_count: 26
pred_d_count: 25
a_precision: 0.6666666666666666
b_precision: 0.6842105263157895
c_precision: 0.8461538461538461
d_precision: 0.68
a_recall: 0.8333333333333334
b_recall: 0.6190476190476191
c_recall: 0.6666666666666666
d_recall: 0.7727272727272727
a_f1: 0.7407407407407407
b_f1: 0.65
c_f1: 0.7457627118644068
d_f1: 0.723404255319149

UNCERTAINTY & CONSISTENCY:
mean_entropy: 0.03136734879116756
std_entropy: 0.15517391927821786
mean_confidence: 0.99
std_confidence: 0.05196152422706631
mean_js_divergence: 0.22911780526224917
std_js_divergence: 0.3643356115703292
low_confidence_samples: 0
high_uncertainty_samples: 4
perfect_agreement_samples: 96

DETAILED CLASSIFICATION REPORT:
              precision    recall  f1-score   support

           A       0.67      0.83      0.74        24
           B       0.68      0.62      0.65        21
           C       0.85      0.67      0.75        33
           D       0.68      0.77      0.72        22

    accuracy                           0.72       100
   macro avg       0.72      0.72      0.71       100
weighted avg       0.73      0.72      0.72       100

CONFUSION MATRIX:
Predicted:
         A    B    C    D
True A   20    1    2    1
    B     2   13    2    4
    C     4    4   22    3
    D     4    1    0   17
