SWAG COMMONSENSE REASONING EVALUATION REPORT FOR Qwen2.5-7B-Instruct
============================================================

CLASSIFICATION PERFORMANCE:
total_samples: 100
valid_predictions: 100
invalid_predictions: 0
valid_prediction_rate: 1.0
accuracy: 0.72
macro_f1: 0.7170013326968214
weighted_f1: 0.7164689700441579
f1_a: 0.7407407407407407
f1_b: 0.65
f1_c: 0.7017543859649122
f1_d: 0.7755102040816326
cohen_kappa: 0.6264176117411608

COMMONSENSE REASONING ANALYSIS:
true_a_count: 24
true_b_count: 21
true_c_count: 33
true_d_count: 22
pred_a_count: 30
pred_b_count: 19
pred_c_count: 24
pred_d_count: 27
a_precision: 0.6666666666666666
b_precision: 0.6842105263157895
c_precision: 0.8333333333333334
d_precision: 0.7037037037037037
a_recall: 0.8333333333333334
b_recall: 0.6190476190476191
c_recall: 0.6060606060606061
d_recall: 0.8636363636363636
a_f1: 0.7407407407407407
b_f1: 0.65
c_f1: 0.7017543859649122
d_f1: 0.7755102040816326

UNCERTAINTY & CONSISTENCY:
mean_entropy: 0.06049586662480762
std_entropy: 0.222902349969262
mean_confidence: 0.978
std_confidence: 0.08435638683585257
mean_js_divergence: 0.2313905586118964
std_js_divergence: 0.36060372016403425
low_confidence_samples: 0
high_uncertainty_samples: 7
perfect_agreement_samples: 93

DETAILED CLASSIFICATION REPORT:
              precision    recall  f1-score   support

           A       0.67      0.83      0.74        24
           B       0.68      0.62      0.65        21
           C       0.83      0.61      0.70        33
           D       0.70      0.86      0.78        22

    accuracy                           0.72       100
   macro avg       0.72      0.73      0.72       100
weighted avg       0.73      0.72      0.72       100

CONFUSION MATRIX:
Predicted:
         A    B    C    D
True A   20    1    2    1
    B     2   13    2    4
    C     5    5   20    3
    D     3    0    0   19
