SWAG COMMONSENSE REASONING EVALUATION REPORT FOR SOLAR-10.7B-Instruct-v1.0
============================================================

CLASSIFICATION PERFORMANCE:
total_samples: 100
valid_predictions: 98
invalid_predictions: 2
valid_prediction_rate: 0.98
accuracy: 0.7040816326530612
macro_f1: 0.7043736294576161
weighted_f1: 0.6997746039819308
f1_a: 0.7368421052631579
f1_b: 0.7027027027027027
f1_c: 0.6545454545454545
f1_d: 0.723404255319149
cohen_kappa: 0.6049485682513205

COMMONSENSE REASONING ANALYSIS:
true_a_count: 24
true_b_count: 21
true_c_count: 32
true_d_count: 21
pred_a_count: 33
pred_b_count: 16
pred_c_count: 23
pred_d_count: 26
a_precision: 0.6363636363636364
b_precision: 0.8125
c_precision: 0.782608695652174
d_precision: 0.6538461538461539
a_recall: 0.875
b_recall: 0.6190476190476191
c_recall: 0.5625
d_recall: 0.8095238095238095
a_f1: 0.7368421052631579
b_f1: 0.7027027027027027
c_f1: 0.6545454545454545
d_f1: 0.723404255319149

UNCERTAINTY & CONSISTENCY:
mean_entropy: 0.041915157893585964
std_entropy: 0.182858715146837
mean_confidence: 0.9857142857142857
std_confidence: 0.06546536707079771
mean_js_divergence: 0.24135720061043256
std_js_divergence: 0.37393821882535705
low_confidence_samples: 0
high_uncertainty_samples: 5
perfect_agreement_samples: 93

DETAILED CLASSIFICATION REPORT:
              precision    recall  f1-score   support

           A       0.64      0.88      0.74        24
           B       0.81      0.62      0.70        21
           C       0.78      0.56      0.65        32
           D       0.65      0.81      0.72        21

    accuracy                           0.70        98
   macro avg       0.72      0.72      0.70        98
weighted avg       0.73      0.70      0.70        98

CONFUSION MATRIX:
Predicted:
         A    B    C    D
True A   21    0    1    2
    B     2   13    3    3
    C     7    3   18    4
    D     3    0    1   17
