SWAG COMMONSENSE REASONING EVALUATION REPORT FOR SOLAR-10.7B-Instruct-v1.0
============================================================

CLASSIFICATION PERFORMANCE:
total_samples: 100
valid_predictions: 97
invalid_predictions: 3
valid_prediction_rate: 0.97
accuracy: 0.7010309278350515
macro_f1: 0.7019812849600083
weighted_f1: 0.6971234370225377
f1_a: 0.7272727272727273
f1_b: 0.7027027027027027
f1_c: 0.6545454545454545
f1_d: 0.723404255319149
cohen_kappa: 0.6012756909992913

COMMONSENSE REASONING ANALYSIS:
true_a_count: 23
true_b_count: 21
true_c_count: 32
true_d_count: 21
pred_a_count: 32
pred_b_count: 16
pred_c_count: 23
pred_d_count: 26
a_precision: 0.625
b_precision: 0.8125
c_precision: 0.782608695652174
d_precision: 0.6538461538461539
a_recall: 0.8695652173913043
b_recall: 0.6190476190476191
c_recall: 0.5625
d_recall: 0.8095238095238095
a_f1: 0.7272727272727273
b_f1: 0.7027027027027027
c_f1: 0.6545454545454545
d_f1: 0.723404255319149

UNCERTAINTY & CONSISTENCY:
mean_entropy: 0.014885115358502315
std_entropy: 0.10258857789104141
mean_confidence: 0.9958762886597937
std_confidence: 0.028420719076474678
mean_js_divergence: 0.24514899007212787
std_js_divergence: 0.3762413972611143
low_confidence_samples: 0
high_uncertainty_samples: 2
perfect_agreement_samples: 95

DETAILED CLASSIFICATION REPORT:
              precision    recall  f1-score   support

           A       0.62      0.87      0.73        23
           B       0.81      0.62      0.70        21
           C       0.78      0.56      0.65        32
           D       0.65      0.81      0.72        21

    accuracy                           0.70        97
   macro avg       0.72      0.72      0.70        97
weighted avg       0.72      0.70      0.70        97

CONFUSION MATRIX:
Predicted:
         A    B    C    D
True A   20    0    1    2
    B     2   13    3    3
    C     7    3   18    4
    D     3    0    1   17
